
SUMMARISING RUN PARAMETERS
==========================
Input filename: 89_S1_L001_R1_001.fastq
Trimming mode: single-end
Trim Galore version: 0.4.2
Cutadapt version: 1.11
Quality Phred score cutoff: 20
Quality encoding type selected: ASCII+33
Adapter sequence: 'AGATCGGAAGAGC' (Illumina TruSeq, Sanger iPCR; auto-detected)
Maximum trimming error rate: 0.1 (default)
Minimum required adapter overlap (stringency): 1 bp
Minimum required sequence length before a sequence gets removed: 20 bp
File was specified to be an MspI-digested RRBS sample. Sequences with adapter contamination will be trimmed a further 2 bp to remove potential methylation-biased bases from the end-repair reaction
Running FastQC on the data once trimming has completed


This is cutadapt 1.11 with Python 2.7.10
Command line parameters: -f fastq -e 0.1 -O 1 -a AGATCGGAAGAGC 89_S1_L001_R1_001.fastq_qual_trimmed.fastq
Trimming 1 adapter with at most 10.0% errors in single-end mode ...
Finished in 204.12 s (39 us/read; 1.53 M reads/minute).

=== Summary ===

Total reads processed:               5,191,821
Reads with adapters:                 3,243,751 (62.5%)
Reads written (passing filters):     5,191,821 (100.0%)

Total basepairs processed:   771,889,055 bp
Total written (filtered):    676,095,559 bp (87.6%)

=== Adapter 1 ===

Sequence: AGATCGGAAGAGC; Type: regular 3'; Length: 13; Trimmed: 3243751 times.

No. of allowed errors:
0-9 bp: 0; 10-13 bp: 1

Bases preceding removed adapters:
  A: 8.4%
  C: 0.6%
  G: 76.3%
  T: 12.3%
  none/other: 2.3%

Overview of removed sequences
length	count	expect	max.err	error counts
1	570914	1297955.2	0	570914
2	193400	324488.8	0	193400
3	63486	81122.2	0	63486
4	62776	20280.6	0	62776
5	88970	5070.1	0	88970
6	96742	1267.5	0	96742
7	30471	316.9	0	30471
8	36567	79.2	0	36567
9	32669	19.8	0	32575 94
10	25709	5.0	1	23488 2221
11	24106	1.2	1	21950 2156
12	26108	0.3	1	23823 2285
13	40241	0.1	1	36833 3408
14	37682	0.1	1	33790 3892
15	35975	0.1	1	32507 3468
16	44190	0.1	1	39817 4373
17	46553	0.1	1	41754 4799
18	40783	0.1	1	37161 3622
19	31574	0.1	1	27848 3726
20	39048	0.1	1	35353 3695
21	29377	0.1	1	25872 3505
22	29588	0.1	1	26591 2997
23	38644	0.1	1	34793 3851
24	41353	0.1	1	36441 4912
25	31075	0.1	1	27966 3109
26	23760	0.1	1	21028 2732
27	29808	0.1	1	26324 3484
28	38365	0.1	1	33695 4670
29	40315	0.1	1	36120 4195
30	43294	0.1	1	39469 3825
31	28891	0.1	1	25103 3788
32	50253	0.1	1	45160 5093
33	23510	0.1	1	20769 2741
34	39602	0.1	1	35602 4000
35	18880	0.1	1	16807 2073
36	33005	0.1	1	29829 3176
37	34283	0.1	1	30340 3943
38	34599	0.1	1	30899 3700
39	37004	0.1	1	33231 3773
40	32926	0.1	1	29092 3834
41	51994	0.1	1	47241 4753
42	28205	0.1	1	25096 3109
43	29670	0.1	1	27168 2502
44	18208	0.1	1	15890 2318
45	27866	0.1	1	25103 2763
46	21969	0.1	1	19757 2212
47	23913	0.1	1	21284 2629
48	20720	0.1	1	18589 2131
49	27463	0.1	1	24461 3002
50	17604	0.1	1	15739 1865
51	21190	0.1	1	18967 2223
52	30314	0.1	1	27313 3001
53	21436	0.1	1	19419 2017
54	14279	0.1	1	12503 1776
55	27231	0.1	1	24698 2533
56	21063	0.1	1	18797 2266
57	24158	0.1	1	21520 2638
58	29878	0.1	1	27195 2683
59	27206	0.1	1	24343 2863
60	14606	0.1	1	13076 1530
61	23310	0.1	1	21086 2224
62	23158	0.1	1	20547 2611
63	24332	0.1	1	21230 3102
64	16858	0.1	1	14949 1909
65	14699	0.1	1	12916 1783
66	15649	0.1	1	13799 1850
67	15875	0.1	1	13601 2274
68	19832	0.1	1	16911 2921
69	29602	0.1	1	25715 3887
70	27315	0.1	1	23280 4035
71	27135	0.1	1	23130 4005
72	22979	0.1	1	20028 2951
73	21436	0.1	1	18680 2756
74	15606	0.1	1	13599 2007
75	12620	0.1	1	10964 1656
76	8250	0.1	1	6980 1270
77	7511	0.1	1	6222 1289
78	6359	0.1	1	5111 1248
79	6235	0.1	1	5083 1152
80	5362	0.1	1	4474 888
81	5333	0.1	1	4462 871
82	5328	0.1	1	4465 863
83	5526	0.1	1	4605 921
84	5006	0.1	1	4027 979
85	4101	0.1	1	3367 734
86	4317	0.1	1	3534 783
87	5473	0.1	1	4608 865
88	3928	0.1	1	3187 741
89	3625	0.1	1	2914 711
90	4326	0.1	1	3595 731
91	2845	0.1	1	2262 583
92	2938	0.1	1	2405 533
93	3164	0.1	1	2525 639
94	3241	0.1	1	2590 651
95	3706	0.1	1	3006 700
96	2943	0.1	1	2373 570
97	2762	0.1	1	2255 507
98	2350	0.1	1	1827 523
99	1991	0.1	1	1509 482
100	1786	0.1	1	1334 452
101	1710	0.1	1	1307 403
102	1671	0.1	1	1264 407
103	1674	0.1	1	1268 406
104	1808	0.1	1	1376 432
105	1666	0.1	1	1222 444
106	1710	0.1	1	1290 420
107	1828	0.1	1	1372 456
108	1554	0.1	1	1146 408
109	1729	0.1	1	1305 424
110	2069	0.1	1	1595 474
111	1204	0.1	1	865 339
112	1227	0.1	1	861 366
113	1119	0.1	1	790 329
114	896	0.1	1	558 338
115	836	0.1	1	541 295
116	862	0.1	1	544 318
117	899	0.1	1	599 300
118	842	0.1	1	539 303
119	688	0.1	1	372 316
120	594	0.1	1	299 295
121	671	0.1	1	385 286
122	818	0.1	1	552 266
123	440	0.1	1	194 246
124	375	0.1	1	86 289
125	384	0.1	1	81 303
126	319	0.1	1	62 257
127	289	0.1	1	39 250
128	308	0.1	1	48 260
129	291	0.1	1	33 258
130	256	0.1	1	15 241
131	296	0.1	1	27 269
132	273	0.1	1	14 259
133	310	0.1	1	4 306
134	264	0.1	1	5 259
135	321	0.1	1	4 317
136	326	0.1	1	3 323
137	343	0.1	1	5 338
138	396	0.1	1	4 392
139	373	0.1	1	4 369
140	443	0.1	1	2 441
141	475	0.1	1	3 472
142	539	0.1	1	3 536
143	609	0.1	1	3 606
144	766	0.1	1	4 762
145	824	0.1	1	4 820
146	1139	0.1	1	0 1139
147	1541	0.1	1	1 1540
148	2550	0.1	1	2 2548
149	4787	0.1	1	0 4787
150	11291	0.1	1	1 11290
151	20867	0.1	1	3 20864


RUN STATISTICS FOR INPUT FILE: 89_S1_L001_R1_001.fastq
=============================================
5191821 sequences processed in total
Sequences were truncated to a varying degree because of deteriorating qualities (Phred score quality cutoff: 20):	1635836 (31.5%)
Sequences removed because they became shorter than the length cutoff of 20 bp:	74238 (1.4%)
RRBS reads trimmed by additional 2 bp when adapter contamination was detected:	3170101 (61.1%)

