Phel_contig_5519	GSONMT00028010001	75.513	2193	509	27	17	2195	2215	37	0.0	1050
Phel_contig_3071	GSONMT00026940001	75.536	2563	598	22	95	2644	1	2547	0.0	1232
Phel_contig_840	GSONMT00028101001	77.604	2179	429	40	1241	3385	2322	169	0.0	1266
Phel_contig_8954	GSONMT00051283001	76.354	3950	888	43	881	4807	524	4450	0.0	2078
Phel_contig_8899	GSONMT00029676001	84.648	710	104	4	1	708	121	827	0.0	704
Phel_contig_2347	GSONMT00013009001	81.608	908	166	1	188	1094	1	908	0.0	754
Phel_contig_1027	GSONMT00040227001	75.851	1880	436	18	276	2146	382	2252	0.0	941
Phel_contig_7219	GSONMT00081666001	88.333	60	7	0	1706	1765	1149	1208	1.02e-11	73.1
Phel_contig_216	GSONMT00048398001	77.143	315	68	4	196	508	76	388	1.04e-43	180
Phel_contig_4693	GSONMT00062302001	88.000	50	6	0	2342	2391	632	583	1.33e-07	60.2
Phel_contig_2826	GSONMT00049946001	75.219	456	102	10	952	1403	4805	4357	1.39e-51	206
Phel_contig_119	GSONMT00068958001	72.940	1238	302	26	5545	6761	1226	1	1.41e-109	399
Phel_contig_4454	GSONMT00030425001	72.050	1517	395	22	2586	4089	1581	81	1.43e-117	425
Phel_contig_21725	GSONMT00023729001	77.375	579	100	21	724	1291	301	859	2.41e-84	315
Phel_contig_1060	GSONMT00020531001	75.709	741	172	8	2066	2802	1	737	2.64e-99	364
Phel_contig_1757	GSONMT00027827001	77.311	119	21	6	16	131	130	245	3.05e-09	65.8
Phel_contig_5604	GSONMT00078711001	78.208	413	70	8	1	412	242	635	3.25e-64	246
Phel_contig_2191	GSONMT00006118001	72.948	536	128	15	722	1248	294	821	3.32e-41	171
Phel_contig_1512	GSONMT00062570001	73.160	652	146	21	1092	1730	1191	556	3.44e-52	207
Phel_contig_5769	GSONMT00081783001	83.636	110	18	0	697	806	523	632	3.53e-21	104
Phel_contig_2646	GSONMT00003624001	75.928	889	197	13	3348	4229	1023	145	5.64e-122	440
Phel_contig_1544	GSONMT00030559001	71.894	491	114	20	1708	2183	1568	1087	6.22e-26	121
Phel_contig_74	GSONMT00013793001	87.835	411	50	0	353	763	1	411	6.68e-135	483
Phel_contig_894	GSONMT00004058001	77.021	235	52	2	2408	2641	551	318	6.93e-30	134
Phel_contig_5895	GSONMT00041106001	79.018	448	92	2	1302	1748	447	1	8.47e-82	305
Phel_contig_3578	GSONMT00050340001	70.850	1235	291	59	642	1843	1556	358	8.88e-57	222
Phel_contig_1612	GSONMT00065912001	80.000	140	28	0	3896	4035	4904	4765	8.99e-21	104
