
SUMMARISING RUN PARAMETERS
==========================
Input filename: 89_S1_L001_R1_001.fastq
Trimming mode: single-end
Trim Galore version: 0.4.2
Cutadapt version: 1.11
Quality Phred score cutoff: 10
Quality encoding type selected: ASCII+33
Adapter sequence: 'AGATCGGAAGAGC' (Illumina TruSeq, Sanger iPCR; auto-detected)
Maximum trimming error rate: 0.1 (default)
Minimum required adapter overlap (stringency): 1 bp
Minimum required sequence length before a sequence gets removed: 20 bp
File was specified to be an MspI-digested RRBS sample. Sequences with adapter contamination will be trimmed a further 2 bp to remove potential methylation-biased bases from the end-repair reaction
Running FastQC on the data once trimming has completed


This is cutadapt 1.11 with Python 2.7.10
Command line parameters: -f fastq -e 0.1 -O 1 -a AGATCGGAAGAGC 89_S1_L001_R1_001.fastq_qual_trimmed.fastq
Trimming 1 adapter with at most 10.0% errors in single-end mode ...
Finished in 189.47 s (36 us/read; 1.64 M reads/minute).

=== Summary ===

Total reads processed:               5,191,821
Reads with adapters:                 3,331,568 (64.2%)
Reads written (passing filters):     5,191,821 (100.0%)

Total basepairs processed:   783,964,970 bp
Total written (filtered):    682,858,662 bp (87.1%)

=== Adapter 1 ===

Sequence: AGATCGGAAGAGC; Type: regular 3'; Length: 13; Trimmed: 3331568 times.

No. of allowed errors:
0-9 bp: 0; 10-13 bp: 1

Bases preceding removed adapters:
  A: 8.5%
  C: 0.8%
  G: 75.5%
  T: 13.0%
  none/other: 2.2%

Overview of removed sequences
length	count	expect	max.err	error counts
1	648729	1297955.2	0	648729
2	170903	324488.8	0	170903
3	72286	81122.2	0	72286
4	46203	20280.6	0	46203
5	92639	5070.1	0	92639
6	107397	1267.5	0	107397
7	29580	316.9	0	29580
8	39488	79.2	0	39488
9	24552	19.8	0	24436 116
10	27823	5.0	1	25125 2698
11	25715	1.2	1	23095 2620
12	26231	0.3	1	23675 2556
13	42221	0.1	1	38063 4158
14	36440	0.1	1	32556 3884
15	39986	0.1	1	35761 4225
16	44301	0.1	1	40026 4275
17	40610	0.1	1	36399 4211
18	39857	0.1	1	35804 4053
19	34592	0.1	1	30848 3744
20	44364	0.1	1	39549 4815
21	25806	0.1	1	22905 2901
22	33894	0.1	1	30269 3625
23	41740	0.1	1	37252 4488
24	40378	0.1	1	35290 5088
25	25341	0.1	1	22528 2813
26	30394	0.1	1	27217 3177
27	27889	0.1	1	24928 2961
28	32525	0.1	1	28668 3857
29	34898	0.1	1	31111 3787
30	50721	0.1	1	45809 4912
31	25390	0.1	1	22672 2718
32	52243	0.1	1	46266 5977
33	28423	0.1	1	25217 3206
34	26216	0.1	1	23493 2723
35	31119	0.1	1	27926 3193
36	33264	0.1	1	30049 3215
37	28260	0.1	1	25247 3013
38	32827	0.1	1	29249 3578
39	27998	0.1	1	25062 2936
40	31124	0.1	1	27843 3281
41	46147	0.1	1	41184 4963
42	33094	0.1	1	29716 3378
43	32624	0.1	1	29312 3312
44	30271	0.1	1	27075 3196
45	25101	0.1	1	22416 2685
46	20615	0.1	1	18362 2253
47	26349	0.1	1	23352 2997
48	19400	0.1	1	17389 2011
49	23782	0.1	1	21274 2508
50	23882	0.1	1	21347 2535
51	21179	0.1	1	18851 2328
52	24829	0.1	1	22265 2564
53	20849	0.1	1	18582 2267
54	16724	0.1	1	14936 1788
55	25758	0.1	1	22869 2889
56	24321	0.1	1	21666 2655
57	18706	0.1	1	16711 1995
58	31218	0.1	1	28145 3073
59	27651	0.1	1	24766 2885
60	18158	0.1	1	16198 1960
61	23882	0.1	1	21477 2405
62	26125	0.1	1	23469 2656
63	16377	0.1	1	14629 1748
64	13957	0.1	1	12258 1699
65	18823	0.1	1	16612 2211
66	14410	0.1	1	12976 1434
67	11294	0.1	1	10072 1222
68	12953	0.1	1	11481 1472
69	24811	0.1	1	22190 2621
70	16590	0.1	1	14794 1796
71	18224	0.1	1	16007 2217
72	9505	0.1	1	8489 1016
73	14502	0.1	1	13002 1500
74	9879	0.1	1	8688 1191
75	19017	0.1	1	16929 2088
76	11718	0.1	1	10588 1130
77	12163	0.1	1	10770 1393
78	10008	0.1	1	8430 1578
79	11475	0.1	1	9517 1958
80	7024	0.1	1	6112 912
81	7558	0.1	1	6752 806
82	7333	0.1	1	6513 820
83	9119	0.1	1	8075 1044
84	8488	0.1	1	7279 1209
85	5658	0.1	1	5001 657
86	4507	0.1	1	3959 548
87	10581	0.1	1	9401 1180
88	6431	0.1	1	5658 773
89	3980	0.1	1	3497 483
90	8574	0.1	1	7638 936
91	3442	0.1	1	3051 391
92	3313	0.1	1	2923 390
93	4552	0.1	1	4062 490
94	3639	0.1	1	3188 451
95	6278	0.1	1	5565 713
96	4386	0.1	1	3908 478
97	4723	0.1	1	4227 496
98	3644	0.1	1	3232 412
99	2841	0.1	1	2508 333
100	2109	0.1	1	1846 263
101	2266	0.1	1	2031 235
102	2075	0.1	1	1824 251
103	2150	0.1	1	1900 250
104	2336	0.1	1	2052 284
105	2185	0.1	1	1925 260
106	2000	0.1	1	1768 232
107	3010	0.1	1	2678 332
108	1602	0.1	1	1392 210
109	1553	0.1	1	1349 204
110	4594	0.1	1	4033 561
111	1380	0.1	1	1220 160
112	1629	0.1	1	1443 186
113	1931	0.1	1	1704 227
114	1086	0.1	1	942 144
115	939	0.1	1	804 135
116	1026	0.1	1	896 130
117	1071	0.1	1	929 142
118	1184	0.1	1	1026 158
119	885	0.1	1	761 124
120	485	0.1	1	398 87
121	417	0.1	1	355 62
122	1606	0.1	1	1401 205
123	596	0.1	1	522 74
124	188	0.1	1	158 30
125	261	0.1	1	218 43
126	122	0.1	1	106 16
127	62	0.1	1	59 3
128	108	0.1	1	96 12
129	95	0.1	1	84 11
130	30	0.1	1	26 4
131	59	0.1	1	47 12
132	56	0.1	1	50 6
133	6	0.1	1	6
134	10	0.1	1	9 1
135	15	0.1	1	4 11
136	1	0.1	1	1
137	14	0.1	1	10 4
138	7	0.1	1	5 2
139	8	0.1	1	4 4
140	1	0.1	1	1
141	10	0.1	1	7 3
142	4	0.1	1	3 1
143	10	0.1	1	8 2
144	13	0.1	1	10 3
145	5	0.1	1	5
146	2	0.1	1	0 2
147	6	0.1	1	4 2
148	4	0.1	1	3 1
150	15	0.1	1	0 15
151	73532	0.1	1	7 73525


RUN STATISTICS FOR INPUT FILE: 89_S1_L001_R1_001.fastq
=============================================
5191821 sequences processed in total
Sequences were truncated to a varying degree because of deteriorating qualities (Phred score quality cutoff: 10):	1 (0.0%)
Sequences removed because they became shorter than the length cutoff of 20 bp:	73808 (1.4%)
RRBS reads trimmed by additional 2 bp when adapter contamination was detected:	3258021 (62.8%)

